Transom:
    0     0
    4    75
   25   151
  100   199
  175   151
  196    75
  200     0

Bulkhead #1:
    0     0
    5    83
   42   162
  161   244
  280   162
  317    83
  322     0

Bulkhead #2:
    0     0
    7    90
   39   171
  183   266
  327   171
  359    90
  366     0

Bulkhead #3:
    0     0
    8    86
   33   169
  163   264
  293   169
  318    86
  326     0

Bulkhead #4:
    0     0
   14    69
   39   146
  101   237
  163   146
  188    69
  202     0

Keelson:
    0    71
   60    59
  120    47
  180    36
  240    26
  300    18
  360    12
  420     8
  480     4
  540     2
  600     2
  660     3
  720     6
  780    10
  840    16
  900    24
  960    33
 1020    44
 1080    63
 1140   153
