    0.496863     0.053692     0.022313
    0.712332     0.016425     0.008951
    0.000000     0.000000     0.101382
    0.651085     0.000000     0.001539
    0.000000     0.000000     0.120161
    0.000000     0.009349     0.051232
    0.774776     0.150791     0.166082
    0.424483     0.000000     0.004778
    0.194716     0.112190     0.073195
    0.527588     0.177544     0.134846
    0.505801     0.089974     0.037934
    0.000000     0.000000     0.167388
    0.593383     0.178921     0.180000
    0.064770     0.087775     0.077112
    0.810852     0.110296     0.071266
    0.000000     0.025000     0.180000
    1.100890     0.013649     0.097548
    0.000000     0.009349     0.071715
    0.462580     0.176711     0.120287
    0.757509     0.129560     0.082399
    0.992394     0.023058     0.052776
    0.868328     0.000000     0.013172
    0.000000     0.096919     0.142275
    0.000000     0.046724     0.066294
    1.046202     0.054588     0.141007
    0.539683     0.000000     0.001432
    0.895929     0.040655     0.042111
    0.560186     0.072352     0.028339
    0.736247     0.079887     0.038194
    0.263007     0.151034     0.110918
    1.075738     0.007448     0.062968
    1.192063     0.000000     0.173628
    0.770819     0.147226     0.138245
    0.925380     0.008157     0.024700
    1.040414     0.000000     0.032203
    0.836689     0.138380     0.180000
    0.952301     0.103648     0.180000
    0.524612     0.168231     0.106142
    1.003995     0.081487     0.169228
    0.747925     0.109624     0.057955
    0.588846     0.172602     0.119986
    1.168848     0.000000     0.141491
    0.201022     0.153381     0.180000
    0.939475     0.024051     0.039526
    0.977491     0.062407     0.096730
    0.000000     0.018676     0.088762
    1.151321     0.021512     0.180000
    0.000000     0.065376     0.074813
    0.964291     0.000000     0.022117
    0.000000     0.071919     0.129663
    0.920608     0.076109     0.078903
    0.786762     0.057908     0.032643
    0.579261     0.144686     0.064872
    0.305074     0.000000     0.011804
    1.087276     0.000000     0.044719
    0.724383     0.048821     0.021859
    0.487478     0.017848     0.008977
    0.964997     0.052165     0.074029
    0.000000     0.080000     0.091730
    0.999302     0.076226     0.147684
    0.325748     0.131448     0.069319
    0.254127     0.075077     0.047811
    0.067058     0.119155     0.180000
    0.258098     0.106695     0.063219
    0.440750     0.070075     0.031623
    0.000000     0.000000     0.054422
    0.514292     0.126691     0.055840
    1.057069     0.063763     0.180000
    0.264947     0.161969     0.138107
    1.134051     0.000000     0.093669
    0.330611     0.169377     0.122661
    0.261065     0.132123     0.084467
    0.000000     0.000000     0.068102
    0.000000     0.000000     0.079204
    0.761411     0.000000     0.005679
    0.709328     0.157605     0.122313
    0.000000     0.056027     0.082303
    0.000000     0.000000     0.047594
    0.716313     0.164072     0.180000
    0.065742     0.114539     0.128354
    0.943631     0.093098     0.133157
    0.000000     0.090594     0.117043
    0.674036     0.069067     0.027872
    0.315552     0.063893     0.036972
    1.121375     0.000000     0.076384
    1.149916     0.000000     0.115448
    0.520511     0.152827     0.078837
    0.000000     0.000000     0.047619
    1.182897     0.000000     0.160885
    0.990468     0.069866     0.123518
    1.017288     0.042579     0.087960
    0.000000     0.098973     0.167425
    0.952681     0.038720     0.055970
    0.000000     0.075000     0.180000
    0.765064     0.140149     0.110351
    0.455599     0.142905     0.066130
    1.135765     0.017964     0.149895
    0.000000     0.028048     0.065261
    1.108688     0.000000     0.059802
    0.000000     0.000000     0.087730
    0.696330     0.134580     0.066430
    0.828377     0.130056     0.126830
    0.266883     0.164928     0.166036
    0.529438     0.180767     0.164949
    0.197630     0.147837     0.125593
    0.000000     0.023973     0.129588
    0.466048     0.183191     0.180000
    0.000000     0.000000     0.142163
    0.334482     0.175584     0.180000
    0.250216     0.044410     0.034259
    0.246365     0.014695     0.022564
    0.061263     0.000000     0.039149
    0.183548     0.000000     0.023518
    0.062889     0.043362     0.056334
    0.000000     0.028048     0.058434
    0.188909     0.054632     0.045367
    0.000000     0.014012     0.080239
    0.000000     0.023362     0.072749
    0.000000     0.032688     0.081271
    0.000000     0.042037     0.073782
    0.000000     0.016344     0.084501
    0.000000     0.011681     0.075977
    0.000000     0.035043     0.069522
    0.000000     0.049032     0.078042
    0.000000     0.004675     0.059655
    0.000000     0.004675     0.052827
    0.000000     0.014024     0.063268
    0.000000     0.014024     0.056440
    0.000000     0.007012     0.065685
    0.000000     0.002337     0.053625
    0.000000     0.007012     0.052030
    0.000000     0.021036     0.060851
    0.000000     0.021324     0.109175
    0.000000     0.040000     0.096556
    0.000000     0.045297     0.118602
    0.000000     0.063973     0.105983
    0.000000     0.022649     0.119382
    0.000000     0.020000     0.098969
    0.000000     0.060000     0.094143
    0.000000     0.067946     0.117823
    0.000000     0.024486     0.154794
    0.000000     0.048459     0.142219
    0.000000     0.049486     0.167406
    0.000000     0.073459     0.154831
    0.000000     0.024743     0.167397
    0.000000     0.024230     0.142191
    0.000000     0.072689     0.142247
    0.000000     0.074230     0.167416
    1.095348     0.037784     0.154023
    1.143543     0.019738     0.164947
    1.051635     0.059175     0.160504
    1.101846     0.041148     0.171341
    1.048919     0.056882     0.150756
    1.139654     0.018851     0.157421
    1.147432     0.020625     0.172474
    1.054352     0.061469     0.170252
    0.889148     0.114673     0.142339
    0.947966     0.098373     0.156579
    0.832533     0.134218     0.153415
    0.893367     0.119494     0.167446
    0.830455     0.132137     0.140123
    0.945798     0.095736     0.144868
    0.950133     0.101011     0.168289
    0.834611     0.136299     0.166708
    0.650969     0.168140     0.135635
    0.712821     0.160838     0.151157
    0.591115     0.175761     0.149993
    0.653841     0.171271     0.165212
    0.589980     0.174182     0.134990
    0.711074     0.159222     0.136735
    0.714567     0.162455     0.165578
    0.592249     0.177341     0.164997
    0.397928     0.176254     0.135982
    0.464314     0.179951     0.150144
    0.332547     0.172480     0.151330
    0.399744     0.179453     0.165327
    0.331579     0.170928     0.136996
    0.463447     0.178331     0.135215
    0.465181     0.181571     0.165072
    0.333515     0.174032     0.165665
    0.132208     0.133463     0.140243
    0.199326     0.150609     0.152796
    0.066400     0.116847     0.154177
    0.133455     0.136014     0.166748
    0.066071     0.115693     0.141265
    0.198478     0.149223     0.139194
    0.200174     0.151995     0.166398
    0.066729     0.118001     0.167088
    1.068182     0.029805     0.105875
    1.118327     0.015806     0.123721
    1.031745     0.048584     0.114484
    1.084127     0.034003     0.132201
    1.024516     0.045581     0.101222
    1.109609     0.014728     0.110635
    1.127046     0.016885     0.136808
    1.038973     0.051586     0.127746
    0.871898     0.098400     0.088561
    0.932120     0.084603     0.106030
    0.819614     0.120176     0.099048
    0.881992     0.107642     0.116044
    0.815233     0.115236     0.085157
    0.926364     0.080356     0.092467
    0.937875     0.088851     0.119594
    0.823995     0.125116     0.112939
    0.641155     0.147603     0.079161
    0.702829     0.146093     0.094372
    0.584054     0.158644     0.092429
    0.646740     0.160251     0.106951
    0.581657     0.151665     0.078650
    0.699580     0.140337     0.080401
    0.706079     0.151849     0.108343
    0.586450     0.165623     0.106208
    0.392609     0.147366     0.080998
    0.459089     0.159808     0.093208
    0.328179     0.150412     0.095990
    0.395550     0.165559     0.107872
    0.326963     0.140930     0.082654
    0.457344     0.151357     0.079669
    0.460835     0.168260     0.106748
    0.329395     0.159895     0.109325
    0.130128     0.108358     0.088112
    0.196173     0.130014     0.099394
    0.065256     0.101157     0.102733
    0.131099     0.124244     0.114031
    0.065013     0.094466     0.089923
    0.195445     0.121102     0.086295
    0.196901     0.138925     0.112493
    0.065499     0.107848     0.115543
    1.041595     0.018433     0.066326
    1.088348     0.010665     0.079984
    1.005108     0.033150     0.069947
    1.054062     0.024691     0.083806
    0.998851     0.028229     0.061204
    1.082056     0.009100     0.071374
    1.094624     0.012172     0.088732
    1.011231     0.037906     0.078901
    0.848663     0.061168     0.045644
    0.908543     0.058869     0.059771
    0.798925     0.084620     0.050862
    0.860855     0.083083     0.064784
    0.792888     0.071458     0.041343
    0.902339     0.049945     0.050665
    0.914610     0.067550     0.069245
    0.804903     0.097522     0.060927
    0.622816     0.089139     0.036106
    0.685244     0.102157     0.046005
    0.569858     0.108521     0.045703
    0.633211     0.123957     0.055200
    0.565072     0.090437     0.036683
    0.679663     0.085737     0.036509
    0.690795     0.118410     0.056074
    0.574576     0.126603     0.055175
    0.381814     0.084850     0.041770
    0.448308     0.106232     0.048158
    0.320676     0.097327     0.052472
    0.388058     0.120356     0.058734
    0.318124     0.080481     0.044470
    0.444579     0.088057     0.039622
    0.451970     0.124536     0.057054
    0.323215     0.114345     0.060811
    0.126753     0.061806     0.056387
    0.191771     0.083137     0.058723
    0.063805     0.065468     0.066449
    0.128666     0.087480     0.068756
    0.063338     0.054377     0.061268
    0.190324     0.068781     0.051835
    0.193238     0.097629     0.065889
    0.064285     0.076609     0.071752
    1.013661     0.003912     0.034415
    1.061500     0.003841     0.047002
    0.978731     0.011861     0.037014
    1.028572     0.011506     0.049822
    0.971567     0.005972     0.029511
    1.051771     0.001935     0.039495
    1.069199     0.005688     0.054831
    0.985685     0.017584     0.044735
    0.822529     0.012749     0.015514
    0.882403     0.020815     0.026905
    0.774204     0.029472     0.018068
    0.835888     0.037723     0.029221
    0.767822     0.014801     0.011737
    0.875400     0.010468     0.019947
    0.889269     0.030918     0.034232
    0.780528     0.043884     0.024946
    0.601201     0.017997     0.007013
    0.662622     0.034867     0.013560
    0.550069     0.036178     0.013983
    0.612145     0.053819     0.020044
    0.544893     0.018089     0.007595
    0.656861     0.017475     0.007406
    0.668352     0.052092     0.020286
    0.555178     0.054265     0.020823
    0.368589     0.016654     0.013887
    0.432750     0.034780     0.017482
    0.310340     0.031603     0.023715
    0.375324     0.050283     0.026821
    0.307710     0.015759     0.017675
    0.428633     0.017357     0.011040
    0.436800     0.052331     0.024284
    0.312956     0.047619     0.030091
    0.123283     0.012168     0.035642
    0.186186     0.027041     0.033884
    0.062052     0.021580     0.047467
    0.124959     0.036702     0.045349
    0.061654     0.010777     0.043280
    0.184862     0.013486     0.028631
    0.187532     0.040734     0.039415
    0.062461     0.032434     0.051778
    0.932504     0.016209     0.031975
    1.035192     0.015074     0.057919
    0.522561     0.160529     0.092490
    0.000000     0.037351     0.085533
    0.000000     0.000000     0.083467
    1.127683     0.000000     0.084969
    0.000000     0.000000     0.061262
    0.772798     0.149008     0.152163
    0.131585     0.132187     0.126990
    0.842367     0.049685     0.037006
    0.649532     0.166575     0.120846
    0.000000     0.028025     0.077010
    0.000000     0.009349     0.058047
    0.000000     0.042648     0.107579
    0.394080     0.156463     0.094435
    0.000000     0.048973     0.154813
    1.098597     0.039466     0.162682
    0.891258     0.117084     0.154893
    0.652405     0.169706     0.150423
    0.398836     0.177853     0.150655
    0.132832     0.134738     0.153495
    1.076155     0.031904     0.119038
    0.643947     0.153927     0.093056
    0.130613     0.116301     0.101071
    1.047871     0.021619     0.074983
    0.854809     0.072257     0.054981
    0.628037     0.106591     0.045393
    0.384957     0.102523     0.050079
    0.127699     0.074594     0.062464
    0.876945     0.103021     0.102303
    1.021462     0.007766     0.042007
    0.829259     0.025367     0.022135
    0.606697     0.035951     0.013268
    0.124111     0.024386     0.040388
    0.371977     0.033388     0.020181
    0.501403     0.071764     0.029764
    1.006342     0.084118     0.180000
    0.000000     0.000000     0.047607
    0.000000     0.000000     0.110772
    1.100131     0.000000     0.052004
    0.000000     0.000000     0.047631
    0.617524     0.071558     0.027599
    0.397020     0.174655     0.121309
    0.256107     0.090804     0.055356
    0.134078     0.137289     0.180000
    0.638362     0.141279     0.065266
    0.510085     0.108295     0.046691
    0.125838     0.049164     0.050653
    0.000000     0.074702     0.079073
    0.129642     0.100415     0.075153
    0.761286     0.134854     0.096375
    1.159382     0.000000     0.128470
    0.000000     0.018699     0.054833
    1.187480     0.000000     0.167257
    0.262036     0.141578     0.097692
    0.400651     0.181052     0.180000
    0.718373     0.032737     0.015111
    0.365179     0.000000     0.007765
    0.122465     0.000000     0.031000
    0.528513     0.179156     0.149897
    0.244450     0.000000     0.017034
    0.000000     0.037397     0.062034
    0.000000     0.047946     0.129625
    0.000000     0.097946     0.154850
    0.263979     0.160490     0.124143
    0.958915     0.045547     0.064861
    0.730344     0.064563     0.029488
    0.815750     0.000000     0.009127
    0.000000     0.085297     0.104386
    0.492209     0.035732     0.015449
    0.000000     0.056050     0.070554
    1.105095     0.042830     0.180000
    1.001649     0.078857     0.158456
    0.248285     0.029471     0.028252
    0.000000     0.050000     0.180000
    0.655278     0.172837     0.180000
    0.742102     0.094870     0.047781
    1.005455     0.000000     0.026938
    0.000000     0.018699     0.068488
    0.996956     0.073596     0.136912
    1.060210     0.027706     0.092712
    0.946218     0.031578     0.047494
    0.000000     0.000000     0.074942
    0.378608     0.067419     0.033979
    1.092099     0.036102     0.145364
    0.000000     0.000000     0.154776
    0.983979     0.066137     0.110124
    0.866851     0.093779     0.074820
    0.595682     0.000000     0.001017
    0.887039     0.112263     0.129785
    0.391139     0.138270     0.067561
    0.895477     0.121904     0.180000
    0.265915     0.163449     0.152072
    0.000000     0.000000     0.180000
    0.000000     0.000000     0.091992
    0.252162     0.059594     0.040744
    1.067914     0.000000     0.038089
    0.706275     0.000000     0.003084
    0.918180     0.000000     0.017563
    1.115158     0.000000     0.067971
    0.260094     0.122667     0.071241
    1.178314     0.000000     0.154513
    0.518460     0.145125     0.065185
    0.776755     0.152573     0.180000
    0.000000     0.100000     0.180000
    0.768841     0.145443     0.124327
    0.267851     0.166408     0.180000
    0.753732     0.124265     0.068423
    0.530363     0.182379     0.180000
    0.971003     0.058678     0.083336
    1.140449     0.000000     0.102426
    0.000000     0.095892     0.129700
    0.526662     0.175933     0.119794
    0.482708     0.000000     0.002701
    1.196646     0.000000     0.180000
    0.000000     0.000000     0.047582
    0.000000     0.000000     0.129551
