9 // Number of waterlines
20 // Number of stations
1 // Read deckline
1 // Read contour
1 // Read aft contour
1 // Read forward contour
0 // Read flat of bottom
1.200 // Length
0.370 // Beam
0.050 // Draft
         0.019    0.039    0.058    0.078    0.097    0.117    0.136    0.156    0.175   
         0.222    0.063    0.000    0.000    0.000    0.000    0.000    0.000    0.000   
0.000   0.000    0.000    0.028    0.072    0.082    0.090    0.096    0.098    0.100    0.088    0.000    0.088   
0.060   0.000    0.000    0.047    0.087    0.097    0.107    0.114    0.115    0.117    0.180    0.117    0.039   
0.120   0.000    0.019    0.064    0.100    0.111    0.123    0.130    0.131    0.133    0.180    0.133    0.031   
0.180   0.000    0.037    0.079    0.112    0.125    0.138    0.145    0.146    0.148    0.180    0.148    0.024   
0.240   0.005    0.053    0.093    0.124    0.137    0.150    0.157    0.159    0.161    0.180    0.161    0.018   
0.300   0.019    0.065    0.105    0.133    0.147    0.161    0.167    0.168    0.170    0.180    0.171    0.012   
0.360   0.029    0.075    0.115    0.141    0.155    0.168    0.173    0.175    0.177    0.180    0.178    0.008   
0.420   0.038    0.083    0.123    0.147    0.160    0.173    0.177    0.179    0.181    0.180    0.182    0.005   
0.480   0.045    0.090    0.129    0.151    0.163    0.174    0.178    0.180    0.182    0.180    0.183    0.003   
0.540   0.050    0.094    0.132    0.152    0.163    0.173    0.177    0.179    0.181    0.180    0.182    0.001   
0.600   0.052    0.095    0.131    0.150    0.160    0.170    0.173    0.176    0.178    0.180    0.178    0.001   
0.660   0.050    0.092    0.126    0.144    0.154    0.163    0.167    0.169    0.172    0.180    0.172    0.002   
0.720   0.043    0.084    0.116    0.135    0.144    0.153    0.157    0.160    0.163    0.180    0.163    0.004   
0.780   0.031    0.070    0.101    0.121    0.130    0.139    0.144    0.148    0.151    0.180    0.152    0.007   
0.840   0.017    0.053    0.082    0.104    0.113    0.122    0.128    0.132    0.136    0.180    0.137    0.011   
0.900   0.005    0.035    0.060    0.083    0.092    0.101    0.109    0.114    0.119    0.180    0.120    0.016   
0.960   0.000    0.018    0.039    0.058    0.069    0.079    0.088    0.094    0.099    0.180    0.101    0.022   
1.020   0.000    0.006    0.020    0.034    0.046    0.054    0.063    0.070    0.077    0.180    0.079    0.029   
1.080   0.000    0.000    0.005    0.012    0.022    0.029    0.037    0.045    0.052    0.180    0.054    0.042   
1.140   0.000    0.000    0.000    0.000    0.000    0.004    0.011    0.018    0.025    0.180    0.027    0.102   
         0.937    1.070    1.107    1.122    1.137    1.151    1.165    1.179    1.193   
