Station :0.000
Number of segments :1
   Segment 1
       0.100    0.270
       0.099    0.251
       0.098    0.232
       0.097    0.213
       0.096    0.195 <knuckle>
       0.091    0.176
       0.085    0.157
       0.080    0.138
       0.075    0.119 <knuckle>
       0.000    0.071
End of station

Station :0.060
Number of segments :1
   Segment 1
       0.117    0.270
       0.116    0.251
       0.115    0.231
       0.114    0.212
       0.113    0.193 <knuckle>
       0.106    0.174
       0.100    0.154
       0.093    0.135
       0.087    0.116 <knuckle>
       0.076    0.108
       0.065    0.100
       0.054    0.092
       0.043    0.085
       0.032    0.078
       0.021    0.072
       0.011    0.065
       0.000    0.059
End of station

Station :0.120
Number of segments :1
   Segment 1
       0.133    0.270
       0.132    0.250
       0.131    0.230
       0.130    0.211
       0.129    0.191 <knuckle>
       0.121    0.171
       0.114    0.152
       0.106    0.133
       0.099    0.113 <knuckle>
       0.086    0.104
       0.073    0.094
       0.061    0.085
       0.049    0.077
       0.036    0.069
       0.024    0.061
       0.012    0.054
       0.000    0.047
End of station

Station :0.180
Number of segments :1
   Segment 1
       0.148    0.270
       0.147    0.250
       0.146    0.229
       0.145    0.209
       0.144    0.189 <knuckle>
       0.135    0.169
       0.127    0.150
       0.118    0.130
       0.110    0.110 <knuckle>
       0.096    0.100
       0.082    0.089
       0.068    0.079
       0.054    0.069
       0.040    0.060
       0.027    0.052
       0.013    0.044
       0.000    0.036
End of station

Station :0.240
Number of segments :1
   Segment 1
       0.161    0.270
       0.160    0.249
       0.158    0.229
       0.157    0.208
       0.156    0.187 <knuckle>
       0.147    0.167
       0.138    0.147
       0.129    0.128
       0.119    0.108 <knuckle>
       0.104    0.096
       0.089    0.084
       0.074    0.073
       0.059    0.062
       0.044    0.053
       0.029    0.044
       0.015    0.035
       0.000    0.026
End of station

Station :0.300
Number of segments :1
   Segment 1
       0.171    0.270
       0.169    0.249
       0.168    0.228
       0.167    0.206
       0.165    0.185 <knuckle>
       0.156    0.165
       0.147    0.145
       0.137    0.125
       0.128    0.105 <knuckle>
       0.112    0.093
       0.095    0.080
       0.079    0.068
       0.063    0.057
       0.047    0.046
       0.031    0.037
       0.016    0.027
       0.000    0.018
End of station

Station :0.360
Number of segments :1
   Segment 1
       0.178    0.270
       0.176    0.248
       0.175    0.227
       0.173    0.205
       0.172    0.183 <knuckle>
       0.163    0.163
       0.153    0.143
       0.144    0.123
       0.135    0.103 <knuckle>
       0.118    0.089
       0.101    0.077
       0.083    0.064
       0.066    0.052
       0.050    0.041
       0.033    0.031
       0.017    0.022
       0.000    0.012
End of station

Station :0.420
Number of segments :1
   Segment 1
       0.182    0.270
       0.180    0.248
       0.179    0.226
       0.177    0.204
       0.175    0.181 <knuckle>
       0.167    0.161
       0.158    0.141
       0.149    0.121
       0.140    0.100 <knuckle>
       0.122    0.087
       0.105    0.074
       0.087    0.061
       0.069    0.049
       0.052    0.037
       0.034    0.027
       0.017    0.017
       0.000    0.008
End of station

Station :0.480
Number of segments :1
   Segment 1
       0.183    0.270
       0.181    0.248
       0.180    0.225
       0.178    0.203
       0.176    0.180 <knuckle>
       0.168    0.160
       0.160    0.139
       0.152    0.119
       0.144    0.099 <knuckle>
       0.126    0.085
       0.107    0.071
       0.089    0.058
       0.071    0.046
       0.053    0.034
       0.036    0.024
       0.018    0.014
       0.000    0.004
End of station

Station :0.540
Number of segments :1
   Segment 1
       0.182    0.270
       0.180    0.247
       0.179    0.225
       0.177    0.202
       0.175    0.180 <knuckle>
       0.168    0.159
       0.160    0.139
       0.152    0.118
       0.145    0.098 <knuckle>
       0.127    0.083
       0.108    0.069
       0.090    0.056
       0.072    0.043
       0.054    0.032
       0.036    0.021
       0.018    0.012
       0.001    0.003
       0.000    0.002
End of station

Station :0.600
Number of segments :1
   Segment 1
       0.178    0.270
       0.177    0.248
       0.175    0.225
       0.173    0.203
       0.171    0.180 <knuckle>
       0.164    0.160
       0.157    0.139
       0.150    0.118
       0.143    0.098 <knuckle>
       0.125    0.083
       0.108    0.068
       0.090    0.055
       0.072    0.042
       0.054    0.030
       0.036    0.020
       0.018    0.011
       0.014    0.009
       0.000    0.002
End of station

Station :0.660
Number of segments :1
   Segment 1
       0.172    0.270
       0.170    0.248
       0.169    0.226
       0.167    0.204
       0.165    0.182 <knuckle>
       0.158    0.161
       0.152    0.140
       0.145    0.119
       0.139    0.099 <knuckle>
       0.121    0.083
       0.104    0.069
       0.087    0.055
       0.070    0.042
       0.052    0.030
       0.035    0.020
       0.027    0.016
       0.017    0.011
       0.000    0.003
End of station

Station :0.720
Number of segments :1
   Segment 1
       0.163    0.270
       0.161    0.248
       0.159    0.227
       0.157    0.205
       0.155    0.184 <knuckle>
       0.149    0.163
       0.143    0.142
       0.137    0.122
       0.130    0.101 <knuckle>
       0.114    0.086
       0.098    0.071
       0.082    0.057
       0.065    0.044
       0.049    0.033
       0.037    0.025
       0.033    0.023
       0.016    0.014
       0.000    0.006
End of station

Station :0.780
Number of segments :1
   Segment 1
       0.152    0.270
       0.150    0.249
       0.147    0.228
       0.145    0.208
       0.143    0.187 <knuckle>
       0.136    0.167
       0.130    0.146
       0.124    0.125
       0.118    0.105 <knuckle>
       0.103    0.089
       0.088    0.075
       0.073    0.061
       0.059    0.048
       0.044    0.037
       0.043    0.037
       0.029    0.028
       0.014    0.019
       0.000    0.010
End of station

Station :0.840
Number of segments :1
   Segment 1
       0.137    0.270
       0.135    0.250
       0.132    0.230
       0.129    0.211
       0.127    0.191 <knuckle>
       0.120    0.171
       0.114    0.150
       0.108    0.130
       0.102    0.110 <knuckle>
       0.088    0.095
       0.076    0.081
       0.063    0.067
       0.050    0.055
       0.045    0.051
       0.037    0.044
       0.024    0.035
       0.012    0.025
       0.000    0.016
End of station

Station :0.900
Number of segments :1
   Segment 1
       0.120    0.270
       0.117    0.251
       0.114    0.233
       0.111    0.214
       0.108    0.196 <knuckle>
       0.102    0.176
       0.095    0.156
       0.089    0.136
       0.083    0.116 <knuckle>
       0.072    0.102
       0.061    0.089
       0.050    0.076
       0.047    0.071
       0.040    0.064
       0.029    0.053
       0.019    0.043
       0.009    0.033
       0.000    0.024
End of station

Station :0.960
Number of segments :1
   Segment 1
       0.101    0.270
       0.097    0.253
       0.094    0.235
       0.091    0.218
       0.087    0.201 <knuckle>
       0.081    0.182
       0.075    0.162
       0.069    0.143
       0.062    0.124 <knuckle>
       0.054    0.110
       0.047    0.100
       0.045    0.097
       0.037    0.085
       0.029    0.074
       0.021    0.063
       0.014    0.052
       0.007    0.042
       0.000    0.033
End of station

Station :1.020
Number of segments :1
   Segment 1
       0.079    0.270
       0.075    0.254
       0.072    0.239
       0.068    0.223
       0.065    0.208 <knuckle>
       0.059    0.189
       0.053    0.170
       0.047    0.151
       0.044    0.139
       0.042    0.132 <knuckle>
       0.035    0.120
       0.029    0.108
       0.023    0.096
       0.018    0.084
       0.013    0.073
       0.008    0.063
       0.007    0.061
       0.004    0.053
       0.000    0.044
End of station

Station :1.080
Number of segments :1
   Segment 1
       0.054    0.270
       0.050    0.256
       0.047    0.243
       0.044    0.229
       0.041    0.216 <knuckle>
       0.036    0.198
       0.033    0.188
       0.030    0.179
       0.026    0.161
       0.021    0.143 <knuckle>
       0.017    0.130
       0.013    0.118
       0.010    0.107
       0.009    0.103
       0.007    0.095
       0.004    0.084
       0.002    0.074
       0.000    0.065
       0.000    0.063
End of station

Station :1.140
Number of segments :1
   Segment 1
       0.027    0.270
       0.024    0.258
       0.021    0.247
       0.019    0.237
       0.019    0.236
       0.016    0.226 <knuckle>
       0.012    0.207
       0.007    0.189
       0.004    0.171
       0.000    0.154 <knuckle>
       0.000    0.153
End of station

