Station :0.000
Number of segments :1
   Segment 1
       0.000    0.088
       0.000    0.092 <knuckle>
       0.000    0.101
       0.000    0.111
       0.000    0.120
       0.000    0.130 <knuckle>
       0.000    0.142
       0.000    0.155
       0.000    0.167
       0.000    0.180 <knuckle>
       0.025    0.180
       0.050    0.180
       0.075    0.180
       0.100    0.180 <knuckle>
       0.099    0.167
       0.098    0.155
       0.097    0.142
       0.096    0.130 <knuckle>
       0.091    0.117
       0.085    0.104
       0.080    0.092
       0.075    0.079 <knuckle>
       0.065    0.075
       0.056    0.071
       0.047    0.066
       0.037    0.062 <knuckle>
       0.028    0.058
       0.019    0.055
       0.009    0.051
       0.000    0.048 <knuckle>
       0.000    0.048
       0.000    0.048
       0.000    0.048
       0.000    0.048 <knuckle>
       0.000    0.054
       0.000    0.061
       0.000    0.068
       0.000    0.075 <knuckle>
       0.000    0.079
       0.000    0.083
       0.000    0.088
End of station

Station :0.060
Number of segments :1
   Segment 1
       0.117    0.180
       0.116    0.167
       0.115    0.154
       0.114    0.141
       0.113    0.128 <knuckle>
       0.106    0.116
       0.100    0.103
       0.093    0.090
       0.087    0.077 <knuckle>
       0.076    0.072
       0.065    0.067
       0.054    0.062
       0.043    0.057
       0.032    0.052
       0.021    0.048
       0.011    0.043
       0.000    0.039
End of station

Station :0.120
Number of segments :1
   Segment 1
       0.133    0.180
       0.132    0.167
       0.131    0.154
       0.130    0.140
       0.129    0.127 <knuckle>
       0.121    0.114
       0.114    0.101
       0.106    0.088
       0.099    0.075 <knuckle>
       0.086    0.069
       0.073    0.063
       0.061    0.057
       0.049    0.051
       0.036    0.046
       0.024    0.041
       0.012    0.036
       0.000    0.031
End of station

Station :0.180
Number of segments :1
   Segment 1
       0.148    0.180
       0.147    0.167
       0.146    0.153
       0.145    0.139
       0.144    0.126 <knuckle>
       0.135    0.113
       0.127    0.100
       0.118    0.087
       0.110    0.074 <knuckle>
       0.096    0.066
       0.082    0.059
       0.068    0.053
       0.054    0.046
       0.040    0.040
       0.027    0.035
       0.013    0.029
       0.000    0.024
End of station

Station :0.240
Number of segments :1
   Segment 1
       0.161    0.180
       0.160    0.166
       0.158    0.152
       0.157    0.139
       0.156    0.125 <knuckle>
       0.147    0.111
       0.138    0.098
       0.129    0.085
       0.119    0.072 <knuckle>
       0.104    0.064
       0.089    0.056
       0.074    0.049
       0.059    0.042
       0.044    0.035
       0.029    0.029
       0.015    0.023
       0.000    0.018
End of station

Station :0.300
Number of segments :1
   Segment 1
       0.171    0.180
       0.169    0.166
       0.168    0.152
       0.167    0.138
       0.165    0.123 <knuckle>
       0.156    0.110
       0.147    0.097
       0.137    0.083
       0.128    0.070 <knuckle>
       0.112    0.062
       0.095    0.053
       0.079    0.045
       0.063    0.038
       0.047    0.031
       0.031    0.024
       0.016    0.018
       0.000    0.012
End of station

Station :0.360
Number of segments :1
   Segment 1
       0.178    0.180
       0.176    0.166
       0.175    0.151
       0.173    0.137
       0.172    0.122 <knuckle>
       0.163    0.109
       0.153    0.095
       0.144    0.082
       0.135    0.068 <knuckle>
       0.118    0.060
       0.101    0.051
       0.083    0.043
       0.066    0.035
       0.050    0.028
       0.033    0.021
       0.017    0.014
       0.000    0.008
End of station

Station :0.420
Number of segments :1
   Segment 1
       0.182    0.180
       0.180    0.165
       0.179    0.150
       0.177    0.136
       0.175    0.121 <knuckle>
       0.167    0.107
       0.158    0.094
       0.149    0.080
       0.140    0.067 <knuckle>
       0.122    0.058
       0.105    0.049
       0.087    0.040
       0.069    0.032
       0.052    0.025
       0.034    0.018
       0.017    0.011
       0.000    0.005
End of station

Station :0.480
Number of segments :1
   Segment 1
       0.183    0.180
       0.181    0.165
       0.180    0.150
       0.178    0.135
       0.176    0.120 <knuckle>
       0.168    0.107
       0.160    0.093
       0.152    0.079
       0.144    0.066 <knuckle>
       0.126    0.057
       0.107    0.047
       0.089    0.039
       0.071    0.030
       0.053    0.023
       0.036    0.016
       0.018    0.009
       0.000    0.003
End of station

Station :0.540
Number of segments :1
   Segment 1
       0.182    0.180
       0.180    0.165
       0.179    0.150
       0.177    0.135
       0.175    0.120 <knuckle>
       0.168    0.106
       0.160    0.092
       0.152    0.079
       0.145    0.065 <knuckle>
       0.127    0.056
       0.108    0.046
       0.090    0.037
       0.072    0.029
       0.054    0.021
       0.036    0.014
       0.018    0.008
       0.001    0.002
       0.000    0.001
End of station

Station :0.600
Number of segments :1
   Segment 1
       0.178    0.180
       0.177    0.165
       0.175    0.150
       0.173    0.135
       0.171    0.120 <knuckle>
       0.164    0.106
       0.157    0.093
       0.150    0.079
       0.143    0.065 <knuckle>
       0.125    0.055
       0.108    0.046
       0.090    0.036
       0.072    0.028
       0.054    0.020
       0.036    0.013
       0.018    0.007
       0.014    0.006
       0.000    0.001
End of station

Station :0.660
Number of segments :1
   Segment 1
       0.172    0.180
       0.170    0.165
       0.169    0.151
       0.167    0.136
       0.165    0.121 <knuckle>
       0.158    0.107
       0.152    0.093
       0.145    0.080
       0.139    0.066 <knuckle>
       0.121    0.056
       0.104    0.046
       0.087    0.036
       0.070    0.028
       0.052    0.020
       0.035    0.014
       0.027    0.011
       0.017    0.007
       0.000    0.002
End of station

Station :0.720
Number of segments :1
   Segment 1
       0.163    0.180
       0.161    0.166
       0.159    0.151
       0.157    0.137
       0.155    0.123 <knuckle>
       0.149    0.109
       0.143    0.095
       0.137    0.081
       0.130    0.067 <knuckle>
       0.114    0.057
       0.098    0.047
       0.082    0.038
       0.065    0.029
       0.049    0.022
       0.037    0.017
       0.033    0.015
       0.016    0.009
       0.000    0.004
End of station

Station :0.780
Number of segments :1
   Segment 1
       0.152    0.180
       0.150    0.166
       0.147    0.152
       0.145    0.139
       0.143    0.125 <knuckle>
       0.136    0.111
       0.130    0.097
       0.124    0.083
       0.118    0.070 <knuckle>
       0.103    0.060
       0.088    0.050
       0.073    0.041
       0.059    0.032
       0.044    0.025
       0.043    0.024
       0.029    0.018
       0.014    0.013
       0.000    0.007
End of station

Station :0.840
Number of segments :1
   Segment 1
       0.137    0.180
       0.135    0.167
       0.132    0.154
       0.129    0.140
       0.127    0.127 <knuckle>
       0.120    0.114
       0.114    0.100
       0.108    0.087
       0.102    0.073 <knuckle>
       0.088    0.063
       0.076    0.054
       0.063    0.045
       0.050    0.037
       0.045    0.034
       0.037    0.030
       0.024    0.023
       0.012    0.017
       0.000    0.011
End of station

Station :0.900
Number of segments :1
   Segment 1
       0.120    0.180
       0.117    0.168
       0.114    0.155
       0.111    0.143
       0.108    0.131 <knuckle>
       0.102    0.117
       0.095    0.104
       0.089    0.091
       0.083    0.077 <knuckle>
       0.072    0.068
       0.061    0.059
       0.050    0.050
       0.047    0.048
       0.040    0.043
       0.029    0.035
       0.019    0.029
       0.009    0.022
       0.000    0.016
End of station

Station :0.960
Number of segments :1
   Segment 1
       0.101    0.180
       0.097    0.168
       0.094    0.157
       0.091    0.146
       0.087    0.134 <knuckle>
       0.081    0.121
       0.075    0.108
       0.069    0.095
       0.062    0.082 <knuckle>
       0.054    0.074
       0.047    0.066
       0.045    0.065
       0.037    0.057
       0.029    0.049
       0.021    0.042
       0.014    0.035
       0.007    0.028
       0.000    0.022
End of station

Station :1.020
Number of segments :1
   Segment 1
       0.079    0.180
       0.075    0.170
       0.072    0.159
       0.068    0.149
       0.065    0.139 <knuckle>
       0.059    0.126
       0.053    0.113
       0.047    0.101
       0.044    0.093
       0.042    0.088 <knuckle>
       0.035    0.080
       0.029    0.072
       0.023    0.064
       0.018    0.056
       0.013    0.049
       0.008    0.042
       0.007    0.041
       0.004    0.035
       0.000    0.029
End of station

Station :1.080
Number of segments :1
   Segment 1
       0.054    0.180
       0.050    0.171
       0.047    0.162
       0.044    0.153
       0.041    0.144 <knuckle>
       0.036    0.132
       0.033    0.125
       0.030    0.119
       0.026    0.107
       0.021    0.095 <knuckle>
       0.017    0.087
       0.013    0.079
       0.010    0.071
       0.009    0.069
       0.007    0.064
       0.004    0.056
       0.002    0.049
       0.000    0.044
       0.000    0.042
End of station

Station :1.140
Number of segments :1
   Segment 1
       0.027    0.180
       0.024    0.172
       0.021    0.165
       0.019    0.158
       0.019    0.157
       0.016    0.150 <knuckle>
       0.012    0.138
       0.007    0.126
       0.004    0.114
       0.000    0.102 <knuckle>
       0.000    0.102
End of station

